# Sample passwords_data.txt for 50 samples
# Gets overwritten every time stats_passwords.py is run

# word_based_password: True Include_caps: True Include_sym: True Include_num: True
# Time:2016-08-24 08:30:27     Samples: 50
5 1.8853498349834976
6 2.0274261490188428
7 2.1773385295306893
8 2.3955942241090873
9 2.5457578378657244
10 2.693704700942746
11 2.8975213500971893
12 3.083091774576249
13 3.2295638624764735
14 3.4249634310471033
15 3.5756546085263676
16 3.7703128381794992
17 3.9835713680462237
18 4.105878711849041
19 4.3022874696795865
20 4.458850986506134

# word_based_password: True Include_caps: True Include_sym: True Include_num: False
# Time:2016-08-24 08:31:36     Samples: 50
5 1.7134155689421287
6 1.9072005348672634
7 2.062812526572643
8 2.2383434249870207
9 2.429474788089942
10 2.5963208573344905
11 2.732338675211699
12 2.9180583365810007
13 3.143721031457213
14 3.2807817337384746
15 3.426961992123399
16 3.624749933397252
17 3.789537217730458
18 3.984369759969626
19 4.105120195730972
20 4.315780061777152

# word_based_password: True Include_caps: True Include_sym: False Include_num: True
# Time:2016-08-24 08:33:45     Samples: 50
5 1.7574963289051722
6 1.8610019417248511
7 2.0165475484496764
8 2.245833459045642
9 2.344602301595195
10 2.523027295874101
11 2.6890712592785686
12 2.8752849832223957
13 3.030765053861633
14 3.197127026871907
15 3.380093632296306
16 3.570039315665927
17 3.724662213856235
18 3.8816861767135307
19 4.052777727409415
20 4.2454903135303885

# word_based_password: True Include_caps: True Include_sym: False Include_num: False
# Time:2016-08-24 08:34:48     Samples: 50
5 1.5423638736524143
6 1.70521730928156
7 1.8504391127533057
8 2.0270354732137883
9 2.175948621266026
10 2.3772464055525337
11 2.5069490508679952
12 2.6717006761259454
13 2.8436017381753107
14 3.0111227468858655
15 3.183140239587589
16 3.354227900036975
17 3.5038534116168565
18 3.6658269349510926
19 3.838286305425358
20 4.00207254710607

# word_based_password: True Include_caps: False Include_sym: True Include_num: True
# Time:2016-08-24 08:36:54     Samples: 50
5 1.7130454145831222
6 1.835460844538392
7 2.0544468035417007
8 2.2751131316062385
9 2.4348976769913
10 2.587022613899863
11 2.694471133150843
12 2.882565305717382
13 3.0465248393122737
14 3.1608690753045217
15 3.323408557676908
16 3.4948975545630327
17 3.7001959252940577
18 3.8194355274093503
19 3.9868858035664902
20 4.184235683617648

# word_based_password: True Include_caps: False Include_sym: True Include_num: False
# Time:2016-08-24 08:38:00     Samples: 50
5 1.6698589204633418
6 1.7669325566927205
7 1.8572325250931843
8 2.063458898131679
9 2.1877929143808506
10 2.4032988534533537
11 2.499422306145405
12 2.6191884057180714
13 2.8357046497151557
14 2.9282517579357563
15 3.1029587133537073
16 3.3448909280542347
17 3.426064227837222
18 3.5947058416733806
19 3.713919496555485
20 3.94255391900059

# word_based_password: True Include_caps: False Include_sym: False Include_num: True
# Time:2016-08-24 08:39:53     Samples: 50
5 1.4755245660194922
6 1.5983691595953686
7 1.730314997266855
8 1.9329218958041579
9 2.06291144512205
10 2.2100542935876986
11 2.3440235025818303
12 2.5316884976307468
13 2.674364802427828
14 2.8203529629332578
15 2.9701784363398374
16 3.1491697181875753
17 3.3092002853121705
18 3.434340152444205
19 3.5868161216834715
20 3.7555640217992345

# word_based_password: True Include_caps: False Include_sym: False Include_num: False
# Time:2016-08-24 08:40:56     Samples: 50
5 1.2283943613502193
6 1.3745614546141294
7 1.5204950408307807
8 1.6665034845838471
9 1.812446821783024
10 1.9583997428399613
11 2.1044196032571203
12 2.2503057537032554
13 2.3961734489539293
14 2.542036775214035
15 2.6878983693476766
16 2.8336518718122745
17 2.9794473049554773
18 3.125409609977706
19 3.271328534500812
20 3.417195366481539

# word_based_password: False Include_caps: True Include_sym: True Include_num: True
# Time:2016-08-24 08:42:55     Samples: 50
5 1.25
6 1.5
7 1.75
8 1.9999999999999998
9 2.25
10 2.5
11 2.7499999999999996
12 3.0
13 3.2499999999999996
14 3.5
15 3.75
16 3.9999999999999996
17 4.25
18 4.5
19 4.75
20 5.0

# word_based_password: False Include_caps: True Include_sym: True Include_num: False
# Time:2016-08-24 08:42:55     Samples: 50
5 1.2046455065132373
6 1.4455746078158846
7 1.6865037091185309
8 1.9274328104211802
9 2.1683619117238244
10 2.4092910130264746
11 2.6502201143291186
12 2.8911492156317693
13 3.1320783169344133
14 3.3730074182370617
15 3.6139365195397106
16 3.8548656208423604
17 4.095794722145002
18 4.336723823447649
19 4.5776529247503035
20 4.818582026052949

# word_based_password: False Include_caps: True Include_sym: False Include_num: True
# Time:2016-08-24 08:42:55     Samples: 50
5 1.214292987843349
6 1.4571515854120194
7 1.7000101829806868
8 1.9428687805493576
9 2.185727378118028
10 2.428585975686698
11 2.6714445732553678
12 2.914303170824039
13 3.157161768392709
14 3.4000203659613737
15 3.642878963530044
16 3.8857375610987153
17 4.128596158667385
18 4.371454756236056
19 4.614313353804726
20 4.857171951373396

# word_based_password: False Include_caps: True Include_sym: False Include_num: False
# Time:2016-08-24 08:42:55     Samples: 50
5 1.16254211593381
6 1.3950505391205703
7 1.6275589623073332
8 1.8600673854940946
9 2.092575808680859
10 2.32508423186762
11 2.5575926550543793
12 2.7901010782411406
13 3.0226095014279037
14 3.2551179246146664
15 3.4876263478014295
16 3.720134770988189
17 3.952643194174953
18 4.185151617361718
19 4.417660040548472
20 4.65016846373524

# word_based_password: False Include_caps: False Include_sym: True Include_num: True
# Time:2016-08-24 08:42:55     Samples: 50
5 1.1133911591992474
6 1.3360693910390973
7 1.5587476228789483
8 1.7814258547187953
9 2.0041040865586455
10 2.2267823183984947
11 2.4494605502383435
12 2.6721387820781946
13 2.8948170139180447
14 3.1174952457578966
15 3.340173477597745
16 3.5628517094375907
17 3.7855299412774452
18 4.008208173117291
19 4.230886404957146
20 4.453564636796989

# word_based_password: False Include_caps: False Include_sym: True Include_num: False
# Time:2016-08-24 08:42:55     Samples: 50
5 1.0375322095556645
6 1.2450386514667993
7 1.4525450933779305
8 1.6600515352890657
9 1.8675579772001965
10 2.075064419111329
11 2.2825708610224633
12 2.4900773029335985
13 2.6975837448447315
14 2.905090186755861
15 3.1125966286669957
16 3.3201030705781314
17 3.5276095124892595
18 3.735115954400393
19 3.942622396311523
20 4.150128838222658

# word_based_password: False Include_caps: False Include_sym: False Include_num: True
# Time:2016-08-24 08:42:55     Samples: 50
5 1.0543494620719878
6 1.2652193544863837
7 1.476089246900783
8 1.6869591393151782
9 1.8978290317295754
10 2.1086989241439755
11 2.3195688165583723
12 2.5304387089727673
13 2.7413086013871646
14 2.952178493801566
15 3.1630483862159617
16 3.3739182786303563
17 3.584788171044752
18 3.795658063459151
19 4.006527955873546
20 4.217397848287951

# word_based_password: False Include_caps: False Include_sym: False Include_num: False
# Time:2016-08-24 08:42:55     Samples: 50
5 0.9586030913294218
6 1.1503237095953052
7 1.3420443278611887
8 1.5337649461270737
9 1.7254855643929559
10 1.9172061826588436
11 2.1089268009247246
12 2.3006474191906103
13 2.4923680374564974
14 2.6840886557223773
15 2.8758092739882644
16 3.0675298922541474
17 3.2592505105200296
18 3.4509711287859117
19 3.6426917470517997
20 3.834412365317687
